  -4.9400000e+02
  -5.4200000e+02
  -5.5200000e+02
  -5.4000000e+02
  -5.7000000e+02
  -3.9200000e+02
  -5.8800000e+02
  -4.0000000e+02
  -6.2800000e+02
  -6.5800000e+02
  -6.2000000e+02
  -6.1400000e+02
  -6.0800000e+02
  -5.9800000e+02
  -5.4200000e+02
  -5.9000000e+02
  -6.5200000e+02
  -4.0200000e+02
  -5.0600000e+02
  -5.2800000e+02
  -6.2600000e+02
  -5.0200000e+02
  -5.5400000e+02
  -6.9800000e+02
  -6.4800000e+02
  -6.0600000e+02
  -5.5600000e+02
  -6.5800000e+02
  -7.1200000e+02
  -5.3800000e+02
  -4.4600000e+02
  -6.0800000e+02
  -6.2000000e+02
  -4.3000000e+02
  -5.0200000e+02
  -5.9200000e+02
  -6.8200000e+02
  -6.5000000e+02
  -6.8200000e+02
  -5.1600000e+02
  -7.4800000e+02
  -5.8800000e+02
  -6.1800000e+02
  -5.6200000e+02
  -5.4400000e+02
  -6.3200000e+02
  -6.4400000e+02
  -6.0400000e+02
  -5.8200000e+02
  -6.3400000e+02
  -7.1000000e+02
  -3.4400000e+02
  -4.9600000e+02
  -5.2200000e+02
  -6.8400000e+02
  -8.4600000e+02
  -7.4800000e+02
  -5.3600000e+02
  -7.3000000e+02
  -6.3400000e+02
  -8.9400000e+02
  -5.3600000e+02
  -6.8200000e+02
  -5.3600000e+02
  -8.7600000e+02
  -6.5600000e+02
  -5.9800000e+02
  -6.2000000e+02
  -5.3000000e+02
  -8.0200000e+02
  -5.1800000e+02
  -5.6000000e+02
  -6.7400000e+02
  -1.6240000e+03
  -6.6800000e+02
  -6.6200000e+02
  -6.1600000e+02
  -6.9000000e+02
  -5.9000000e+02
  -6.4400000e+02
  -5.0400000e+02
  -6.8200000e+02
  -5.9400000e+02
  -5.2600000e+02
  -5.3600000e+02
  -5.4000000e+02
  -3.9600000e+02
  -5.6600000e+02
  -5.8200000e+02
  -5.1600000e+02
  -4.6200000e+02
  -5.9400000e+02
  -5.4400000e+02
  -6.1600000e+02
  -5.9200000e+02
  -5.6200000e+02
  -6.2200000e+02
  -6.2600000e+02
  -6.2600000e+02
  -5.6400000e+02
  -6.3800000e+02
  -6.3800000e+02
  -5.6800000e+02
  -5.1400000e+02
  -6.6800000e+02
  -6.9000000e+02
  -5.8400000e+02
   2.9400000e+02
  -6.9800000e+02
  -5.4000000e+02
  -6.8400000e+02
  -6.2600000e+02
  -6.9000000e+02
  -5.3600000e+02
  -5.4600000e+02
  -1.4600000e+02
  -4.1800000e+02
  -6.8400000e+02
  -6.8600000e+02
  -7.2800000e+02
  -6.1200000e+02
  -6.6200000e+02
  -6.0600000e+02
  -6.6600000e+02
  -5.6600000e+02
  -5.9800000e+02
  -5.6000000e+02
  -6.9800000e+02
  -5.7800000e+02
  -6.1000000e+02
  -5.7200000e+02
  -5.8800000e+02
  -6.3200000e+02
  -5.5600000e+02
  -5.4200000e+02
  -6.3800000e+02
  -6.4000000e+02
  -6.0600000e+02
  -8.5800000e+02
  -7.8200000e+02
  -5.4200000e+02
  -6.3000000e+02
  -5.5800000e+02
  -5.3000000e+02
  -6.6600000e+02
  -6.0600000e+02
  -5.6800000e+02
  -3.5400000e+02
  -6.1400000e+02
  -5.7400000e+02
  -7.8600000e+02
  -6.9600000e+02
  -6.1600000e+02
  -9.5800000e+02
  -3.2400000e+02
  -6.4200000e+02
  -7.0200000e+02
  -8.6600000e+02
  -7.0600000e+02
  -7.2200000e+02
  -7.0600000e+02
  -5.8200000e+02
  -7.7000000e+02
  -7.9400000e+02
  -8.5600000e+02
  -5.0000000e+02
  -6.3200000e+02
  -8.0000000e+02
  -7.8600000e+02
  -1.0600000e+03
  -5.2800000e+02
  -6.5600000e+02
  -5.1200000e+02
  -4.5600000e+02
  -1.2620000e+03
  -4.6400000e+02
  -1.3060000e+03
  -4.7200000e+02
  -4.4200000e+02
  -4.5400000e+02
  -5.8600000e+02
  -4.9600000e+02
  -5.7800000e+02
  -6.2600000e+02
  -5.4200000e+02
  -4.9800000e+02
  -6.0600000e+02
  -1.2920000e+03
  -6.1400000e+02
  -6.1800000e+02
  -3.6200000e+02
  -4.9400000e+02
  -5.9400000e+02
  -6.5800000e+02
  -6.6000000e+02
  -5.1400000e+02
  -5.8400000e+02
  -5.1800000e+02
  -5.3800000e+02
  -4.3000000e+02
  -5.1600000e+02
  -4.5600000e+02
  -5.9600000e+02
  -4.6800000e+02
  -5.7800000e+02
  -6.0000000e+02
  -5.5400000e+02
  -1.2960000e+03
  -4.8600000e+02
  -5.8800000e+02
  -6.1800000e+02
  -6.3000000e+02
  -6.1200000e+02
  -5.0800000e+02
  -6.1000000e+02
  -4.4800000e+02
  -6.4200000e+02
  -5.9600000e+02
  -7.1000000e+02
  -5.8400000e+02
  -8.7600000e+02
  -5.7600000e+02
  -8.2400000e+02
  -4.8600000e+02
  -8.1400000e+02
  -6.4800000e+02
  -5.9800000e+02
  -5.4200000e+02
  -7.5800000e+02
  -4.9000000e+02
  -9.7000000e+02
  -9.8200000e+02
  -7.2800000e+02
  -6.1000000e+02
  -5.8200000e+02
  -5.6600000e+02
  -1.0940000e+03
  -5.5000000e+02
  -1.7200000e+03
  -5.7000000e+02
  -1.0420000e+03
  -1.0360000e+03
  -6.3400000e+02
  -6.3400000e+02
  -4.0400000e+02
  -6.1400000e+02
  -1.8940000e+03
  -7.7000000e+02
  -5.5000000e+02
  -5.4000000e+02
  -5.4600000e+02
  -9.1800000e+02
  -4.2400000e+02
  -6.2000000e+02
  -5.8000000e+02
  -1.2080000e+03
  -5.9200000e+02
  -5.1400000e+02
  -6.0600000e+02
  -6.0000000e+02
  -6.2000000e+02
  -6.2600000e+02
  -5.2800000e+02
  -6.5800000e+02
  -3.5000000e+02
  -6.6000000e+02
  -6.6400000e+02
  -6.6600000e+02
  -6.6800000e+02
  -4.9600000e+02
  -6.5200000e+02
  -6.8400000e+02
  -6.7400000e+02
  -6.0000000e+02
  -5.3200000e+02
  -7.1000000e+02
  -7.1800000e+02
  -5.9400000e+02
  -6.7000000e+02
  -3.5000000e+02
  -6.4200000e+02
  -5.9000000e+02
  -7.1000000e+02
  -6.7400000e+02
  -4.1800000e+02
  -6.3200000e+02
  -7.8800000e+02
  -6.1800000e+02
  -1.2660000e+03
  -6.2000000e+02
  -5.7600000e+02
  -6.5600000e+02
  -5.6800000e+02
  -5.9400000e+02
  -6.7800000e+02
  -8.2000000e+02
  -7.0400000e+02
  -7.0200000e+02
  -6.8400000e+02
  -8.4400000e+02
  -7.7800000e+02
  -7.2800000e+02
  -5.6800000e+02
  -6.6600000e+02
  -6.4000000e+02
  -6.3000000e+02
  -6.4000000e+02
  -7.2400000e+02
  -5.6800000e+02
  -7.3400000e+02
  -5.7200000e+02
  -7.9400000e+02
  -8.1200000e+02
  -7.1600000e+02
  -8.3200000e+02
  -6.4600000e+02
  -7.9400000e+02
  -6.7000000e+02
  -1.0120000e+03
  -6.6600000e+02
  -7.6400000e+02
  -7.0000000e+02
  -9.2400000e+02
  -7.0000000e+02
  -6.6200000e+02
  -8.0200000e+02
  -6.4400000e+02
  -6.8000000e+02
  -6.2200000e+02
  -8.7800000e+02
  -5.9200000e+02
  -6.1200000e+02
  -9.1000000e+02
  -1.0400000e+03
  -4.7600000e+02
  -9.1200000e+02
  -9.6600000e+02
  -5.9200000e+02
  -4.5800000e+02
  -4.6200000e+02
  -5.3800000e+02
  -4.7200000e+02
  -4.3000000e+02
  -7.8600000e+02
  -5.5000000e+02
  -8.6400000e+02
  -5.9200000e+02
  -4.0200000e+02
  -5.3800000e+02
  -5.3000000e+02
  -1.0560000e+03
  -4.9600000e+02
  -3.7000000e+02
  -4.1600000e+02
  -4.5600000e+02
  -4.4200000e+02
  -1.0820000e+03
  -8.6000000e+02
  -5.1200000e+02
  -6.3600000e+02
  -4.7600000e+02
  -1.0120000e+03
  -4.7200000e+02
  -5.5200000e+02
  -4.1400000e+02
  -4.5800000e+02
  -4.6800000e+02
  -5.1800000e+02
  -5.0400000e+02
  -3.8400000e+02
  -4.4400000e+02
  -4.2200000e+02
  -3.9800000e+02
  -3.9800000e+02
  -7.8200000e+02
  -3.9400000e+02
  -4.2600000e+02
  -4.6000000e+02
  -4.1200000e+02
  -8.1000000e+02
  -6.1600000e+02
  -3.7800000e+02
  -4.0200000e+02
  -5.6800000e+02
  -6.0000000e+02
  -5.1200000e+02
  -4.3600000e+02
  -4.7000000e+02
  -4.5000000e+02
  -1.2740000e+03
  -9.3200000e+02
  -4.0000000e+02
  -4.8200000e+02
  -4.9800000e+02
  -1.1200000e+03
  -5.4600000e+02
  -3.9600000e+02
  -5.2200000e+02
  -3.6600000e+02
  -5.0400000e+02
  -4.6200000e+02
  -6.1400000e+02
  -9.1800000e+02
  -5.1600000e+02
  -1.2580000e+03
  -4.0000000e+02
  -4.6000000e+02
  -4.3000000e+02
  -5.6000000e+02
  -4.0600000e+02
  -1.1000000e+03
  -4.0200000e+02
  -4.3000000e+02
  -1.1480000e+03
  -4.8400000e+02
  -1.1120000e+03
  -7.5000000e+02
  -5.2800000e+02
  -5.2200000e+02
  -4.1400000e+02
  -4.9000000e+02
  -1.2820000e+03
  -5.4800000e+02
  -5.1600000e+02
  -4.7600000e+02
  -1.3320000e+03
  -5.4000000e+02
  -5.7400000e+02
  -3.6400000e+02
  -5.7600000e+02
  -5.7600000e+02
  -5.8000000e+02
  -6.9000000e+02
  -5.0400000e+02
  -6.0600000e+02
  -6.7200000e+02
  -5.9400000e+02
  -5.8200000e+02
  -5.4600000e+02
  -3.2800000e+02
  -5.4000000e+02
  -5.8000000e+02
  -5.3200000e+02
  -3.4200000e+02
  -3.6000000e+02
  -5.4200000e+02
  -5.7200000e+02
  -5.6400000e+02
  -6.3400000e+02
  -5.4800000e+02
  -4.7000000e+02
  -6.3200000e+02
  -5.9600000e+02
  -5.7800000e+02
  -6.4200000e+02
  -7.0200000e+02
  -5.2400000e+02
  -5.9000000e+02
  -6.2000000e+02
  -6.0400000e+02
  -7.1400000e+02
  -5.1400000e+02
  -5.8600000e+02
  -5.7600000e+02
  -6.4600000e+02
  -4.8600000e+02
  -6.7400000e+02
  -5.7600000e+02
  -6.6600000e+02
  -6.0400000e+02
  -5.7000000e+02
  -5.9400000e+02
  -5.6400000e+02
  -6.4400000e+02
  -5.7800000e+02
  -5.7000000e+02
  -5.9000000e+02
  -5.6800000e+02
  -5.9000000e+02
  -6.3000000e+02
  -5.7200000e+02
  -6.4400000e+02
  -5.9400000e+02
  -8.9800000e+02
  -6.7000000e+02
  -6.2800000e+02
  -5.8000000e+02
  -8.2000000e+02
  -6.5800000e+02
  -6.0400000e+02
  -5.4000000e+02
  -7.0000000e+02
  -5.4400000e+02
  -6.3800000e+02
  -6.0600000e+02
  -5.6000000e+02
  -6.4400000e+02
  -5.8600000e+02
  -6.1600000e+02
  -5.6600000e+02
  -5.5000000e+02
  -5.7000000e+02
  -5.8200000e+02
  -6.1400000e+02
  -6.6600000e+02
  -1.2360000e+03
  -3.7000000e+02
  -3.6600000e+02
  -3.4600000e+02
  -3.3600000e+02
  -7.1800000e+02
  -7.1800000e+02
  -9.3600000e+02
  -3.3600000e+02
  -8.5600000e+02
  -3.5800000e+02
  -7.4800000e+02
  -7.1600000e+02
  -4.1000000e+02
  -8.3000000e+02
  -7.5400000e+02
  -4.9600000e+02
  -7.1600000e+02
  -7.5800000e+02
  -7.5600000e+02
  -5.0800000e+02
  -9.7200000e+02
  -7.8600000e+02
  -8.3000000e+02
  -4.8200000e+02
  -3.8200000e+02
  -8.1600000e+02
  -7.0800000e+02
  -7.9000000e+02
  -7.7800000e+02
  -7.0400000e+02
  -7.7600000e+02
  -6.9800000e+02
  -1.0060000e+03
  -8.8000000e+02
  -9.4000000e+02
  -7.7200000e+02
  -7.9400000e+02
  -8.5600000e+02
  -8.2800000e+02
  -7.1200000e+02
  -6.8200000e+02
  -7.4800000e+02
  -8.6800000e+02
  -7.9400000e+02
  -7.6400000e+02
  -5.3600000e+02
  -3.5000000e+02
  -9.0200000e+02
  -8.5400000e+02
  -7.6800000e+02
  -8.0800000e+02
  -7.9000000e+02
  -7.8000000e+02
  -7.7400000e+02
  -1.0580000e+03
  -8.5200000e+02
  -9.2000000e+02
  -7.7600000e+02
  -6.7600000e+02
  -1.0380000e+03
  -8.4800000e+02
  -8.5000000e+02
  -6.9400000e+02
  -9.5600000e+02
  -9.0400000e+02
  -7.4000000e+02
  -8.3400000e+02
  -1.0720000e+03
  -8.9400000e+02
  -9.0000000e+02
  -1.0540000e+03
  -9.1600000e+02
  -8.2000000e+02
  -9.4800000e+02
  -1.0380000e+03
  -1.0000000e+03
  -1.0740000e+03
  -4.9800000e+02
  -3.8600000e+02
  -4.1600000e+02
  -4.9800000e+02
  -5.5200000e+02
  -5.6200000e+02
  -5.5800000e+02
  -4.7000000e+02
  -1.0800000e+03
  -3.2200000e+02
  -5.7000000e+02
  -5.8000000e+02
  -5.8600000e+02
  -5.8600000e+02
  -5.5800000e+02
  -4.2200000e+02
  -6.0400000e+02
  -6.1800000e+02
  -6.2800000e+02
  -6.3800000e+02
  -6.2200000e+02
  -6.4600000e+02
  -6.5200000e+02
  -4.4800000e+02
  -6.5200000e+02
  -5.9200000e+02
  -6.6400000e+02
  -4.2600000e+02
  -7.0400000e+02
  -6.1800000e+02
  -4.4000000e+02
  -6.9200000e+02
  -6.1600000e+02
  -6.8800000e+02
  -6.2200000e+02
  -6.5400000e+02
  -7.2200000e+02
  -6.3400000e+02
  -6.2200000e+02
  -7.9000000e+02
  -5.4600000e+02
  -7.5000000e+02
  -4.4200000e+02
  -6.6400000e+02
  -6.9200000e+02
  -6.1800000e+02
  -6.5200000e+02
  -7.4200000e+02
  -6.6600000e+02
  -6.7600000e+02
  -6.8800000e+02
  -8.0200000e+02
  -7.8600000e+02
  -6.5600000e+02
  -9.0200000e+02
  -7.1600000e+02
  -6.8800000e+02
  -9.4000000e+02
  -6.9800000e+02
  -6.6800000e+02
  -6.9000000e+02
  -7.2600000e+02
  -6.7400000e+02
  -6.1600000e+02
  -6.2800000e+02
  -6.7800000e+02
  -6.8200000e+02
  -7.2400000e+02
  -6.1600000e+02
  -6.2200000e+02
  -7.8600000e+02
  -7.3400000e+02
  -8.7000000e+02
  -8.4200000e+02
  -9.1800000e+02
  -7.7400000e+02
  -5.6200000e+02
  -6.3600000e+02
  -6.5000000e+02
  -6.2000000e+02
  -5.7200000e+02
  -5.7000000e+02
  -6.9800000e+02
  -3.0600000e+02
  -7.2400000e+02
  -4.8400000e+02
  -6.9800000e+02
  -7.3400000e+02
  -4.6800000e+02
  -5.5200000e+02
  -6.6200000e+02
  -5.5800000e+02
  -8.1200000e+02
  -5.1800000e+02
  -6.2800000e+02
  -7.0200000e+02
  -5.8800000e+02
  -5.6000000e+02
  -7.5600000e+02
  -5.4800000e+02
  -7.9000000e+02
  -8.6200000e+02
  -6.8600000e+02
  -7.5000000e+02
  -6.1400000e+02
  -7.6200000e+02
  -6.3800000e+02
  -5.6000000e+02
  -8.8200000e+02
  -5.6000000e+02
  -7.2000000e+02
  -5.8800000e+02
  -5.3000000e+02
  -5.4200000e+02
  -7.2000000e+02
  -5.4800000e+02
  -5.9600000e+02
  -7.6200000e+02
  -8.9800000e+02
  -7.9800000e+02
  -5.0600000e+02
  -5.7000000e+02
  -7.0200000e+02
  -5.3600000e+02
  -4.3800000e+02
  -3.8800000e+02
  -9.0600000e+02
  -5.8800000e+02
  -6.4800000e+02
  -5.0000000e+02
  -6.2400000e+02
  -4.8800000e+02
  -6.0800000e+02
  -1.1060000e+03
  -5.9000000e+02
  -4.8600000e+02
  -5.1000000e+02
  -5.3800000e+02
  -5.8600000e+02
  -8.6600000e+02
  -7.7600000e+02
  -5.9200000e+02
  -7.9600000e+02
  -8.8400000e+02
  -6.8800000e+02
  -1.3460000e+03
  -1.1880000e+03
  -1.3020000e+03
  -1.2880000e+03
  -1.3720000e+03
  -1.1740000e+03
  -6.5000000e+02
  -1.1980000e+03
  -1.3600000e+03
  -1.2660000e+03
  -1.1860000e+03
  -1.2400000e+03
  -1.2180000e+03
  -1.2920000e+03
  -1.0800000e+03
  -1.2580000e+03
  -1.3000000e+03
  -1.2060000e+03
  -1.2180000e+03
  -1.3680000e+03
  -6.9400000e+02
  -1.1980000e+03
  -1.2480000e+03
  -1.2320000e+03
  -1.1960000e+03
  -7.2800000e+02
  -1.2420000e+03
  -1.3360000e+03
  -1.2400000e+03
  -1.2700000e+03
  -1.2200000e+03
  -1.2320000e+03
  -7.3200000e+02
  -1.2560000e+03
  -1.2580000e+03
  -1.2780000e+03
  -1.2240000e+03
  -1.3620000e+03
  -1.1740000e+03
  -1.2400000e+03
  -1.2420000e+03
  -1.1200000e+03
  -1.3120000e+03
  -1.3040000e+03
  -7.8400000e+02
  -1.4020000e+03
  -1.0040000e+03
  -6.3000000e+02
  -1.2180000e+03
  -1.2460000e+03
  -1.2120000e+03
  -1.0860000e+03
  -1.2620000e+03
  -1.2060000e+03
  -1.2100000e+03
  -1.2260000e+03
  -1.3280000e+03
  -1.2220000e+03
  -6.4400000e+02
  -1.2060000e+03
  -1.2640000e+03
  -1.3700000e+03
  -1.1520000e+03
  -1.5200000e+03
  -1.2800000e+03
  -1.2020000e+03
  -1.3220000e+03
  -1.4280000e+03
  -1.3100000e+03
  -1.1740000e+03
  -1.1860000e+03
  -1.2960000e+03
  -1.7160000e+03
  -1.2180000e+03
  -1.1980000e+03
  -1.2700000e+03
  -1.3760000e+03
  -1.2400000e+03
  -1.2080000e+03
  -1.1880000e+03
  -1.2380000e+03
  -1.6400000e+03
  -1.1540000e+03
  -5.1000000e+02
  -5.2800000e+02
  -5.6000000e+02
  -5.4800000e+02
  -5.4800000e+02
  -5.6400000e+02
  -4.4600000e+02
  -5.8200000e+02
  -6.1000000e+02
  -6.1000000e+02
  -5.9600000e+02
  -6.2400000e+02
  -5.9600000e+02
  -5.5800000e+02
  -6.4000000e+02
  -6.3000000e+02
  -6.4400000e+02
  -6.1600000e+02
  -6.1400000e+02
  -6.1800000e+02
  -6.1000000e+02
  -6.2400000e+02
  -6.3400000e+02
  -6.0600000e+02
  -5.8000000e+02
  -5.8400000e+02
  -6.1400000e+02
  -5.9000000e+02
  -6.3000000e+02
  -5.5200000e+02
  -5.8200000e+02
  -6.1200000e+02
  -6.3400000e+02
  -6.0200000e+02
  -6.0400000e+02
  -5.9600000e+02
  -5.8800000e+02
  -6.0200000e+02
  -6.2800000e+02
  -5.4000000e+02
  -5.3000000e+02
  -6.3200000e+02
  -6.0400000e+02
  -6.0000000e+02
  -6.0200000e+02
  -4.0000000e+02
  -6.9400000e+02
  -6.3000000e+02
  -5.7200000e+02
  -6.4400000e+02
  -6.0600000e+02
  -7.9000000e+02
  -6.3000000e+02
  -5.9000000e+02
  -6.7000000e+02
  -6.1400000e+02
  -6.8400000e+02
  -6.2600000e+02
  -5.9800000e+02
  -5.9000000e+02
  -6.5000000e+02
  -6.7600000e+02
  -6.1000000e+02
  -5.6200000e+02
  -6.1200000e+02
  -8.2600000e+02
  -6.0600000e+02
  -5.6200000e+02
  -5.8600000e+02
  -6.2200000e+02
  -5.8800000e+02
  -6.1600000e+02
  -7.3800000e+02
  -6.3400000e+02
  -5.8800000e+02
  -6.1200000e+02
  -6.9600000e+02
  -6.2000000e+02
  -6.2400000e+02
  -5.9400000e+02
  -6.0400000e+02
  -6.5600000e+02
  -6.9000000e+02
  -5.6200000e+02
  -6.5800000e+02
  -8.1000000e+02
  -6.3600000e+02
  -7.3000000e+02
  -4.9400000e+02
  -5.3800000e+02
  -5.2600000e+02
  -5.1600000e+02
  -5.5800000e+02
  -6.3200000e+02
  -5.8200000e+02
  -5.9800000e+02
  -5.4800000e+02
  -5.8200000e+02
  -6.5800000e+02
  -4.6200000e+02
  -6.0000000e+02
  -6.5000000e+02
  -5.5800000e+02
  -6.5400000e+02
  -7.0600000e+02
  -6.5600000e+02
  -6.7600000e+02
  -3.2800000e+02
  -5.8400000e+02
  -6.5800000e+02
  -3.8800000e+02
  -6.1600000e+02
  -5.6800000e+02
  -5.8800000e+02
  -6.8200000e+02
  -6.4200000e+02
  -5.9800000e+02
  -5.5400000e+02
  -6.1600000e+02
  -5.6000000e+02
  -5.4000000e+02
  -5.6000000e+02
  -3.8400000e+02
  -6.1800000e+02
  -5.7800000e+02
  -3.4000000e+02
  -8.4400000e+02
  -5.7800000e+02
  -5.6000000e+02
  -7.9800000e+02
  -7.4400000e+02
  -7.5800000e+02
  -6.1800000e+02
  -6.2000000e+02
  -5.9800000e+02
  -5.7000000e+02
  -5.2400000e+02
  -5.8000000e+02
  -7.4000000e+02
  -6.0600000e+02
  -6.0800000e+02
  -6.1400000e+02
  -6.1000000e+02
  -6.5800000e+02
  -5.3200000e+02
  -8.0200000e+02
  -6.2200000e+02
  -5.6600000e+02
  -7.3600000e+02
  -6.0600000e+02
  -9.8000000e+02
  -5.9400000e+02
  -6.3600000e+02
  -5.5400000e+02
  -7.7400000e+02
  -3.8200000e+02
  -7.0600000e+02
  -1.0620000e+03
  -5.6800000e+02
  -6.4600000e+02
  -8.1200000e+02
  -1.1860000e+03
  -5.5600000e+02
  -4.6800000e+02
  -1.2960000e+03
  -3.2800000e+02
  -5.6000000e+02
  -3.8800000e+02
  -5.2000000e+02
  -5.2200000e+02
  -5.2200000e+02
  -3.8400000e+02
  -4.1400000e+02
  -5.5800000e+02
  -5.5600000e+02
  -5.7800000e+02
  -5.7200000e+02
  -5.8400000e+02
  -5.8400000e+02
  -5.6600000e+02
  -5.9400000e+02
  -6.1000000e+02
  -6.1400000e+02
  -5.8200000e+02
  -3.7000000e+02
  -6.3200000e+02
  -5.7600000e+02
  -4.3800000e+02
  -5.8800000e+02
  -6.2000000e+02
  -6.5800000e+02
  -6.2200000e+02
  -5.8600000e+02
  -6.6800000e+02
  -6.3000000e+02
  -5.4200000e+02
  -6.7400000e+02
  -6.3800000e+02
  -5.8000000e+02
  -6.4200000e+02
  -5.8200000e+02
  -6.2000000e+02
  -5.7200000e+02
  -6.2400000e+02
  -3.7200000e+02
  -5.7200000e+02
  -5.8800000e+02
  -6.7200000e+02
  -5.8800000e+02
  -6.4200000e+02
  -6.3400000e+02
  -8.0600000e+02
  -6.0600000e+02
  -6.6400000e+02
  -6.1600000e+02
  -6.5800000e+02
  -6.7200000e+02
  -6.5800000e+02
  -7.4000000e+02
  -7.8800000e+02
  -6.1200000e+02
  -3.9800000e+02
  -5.0000000e+02
  -6.3800000e+02
  -3.8200000e+02
  -6.6200000e+02
  -5.3000000e+02
  -6.2200000e+02
  -6.7800000e+02
  -6.5200000e+02
  -3.9200000e+02
  -6.5800000e+02
  -5.2200000e+02
  -5.8600000e+02
  -9.0000000e+02
  -9.5200000e+02
  -7.6600000e+02
  -5.0400000e+02
  -7.6200000e+02
  -1.3600000e+03
  -6.0400000e+02
  -7.3000000e+02
  -4.1600000e+02
  -4.5400000e+02
  -5.6600000e+02
  -6.7800000e+02
  -1.0000000e+03
  -1.1140000e+03
  -1.5560000e+03
  -5.4600000e+02
  -7.5200000e+02
  -4.3600000e+02
  -8.3800000e+02
  -5.2000000e+02
  -5.3200000e+02
  -5.3200000e+02
  -4.0400000e+02
  -5.8800000e+02
  -3.9400000e+02
  -5.0200000e+02
  -3.9000000e+02
  -5.1400000e+02
  -4.8400000e+02
  -5.5600000e+02
  -6.7200000e+02
  -3.6400000e+02
  -5.5800000e+02
  -5.6000000e+02
  -6.8400000e+02
  -6.3400000e+02
  -4.0600000e+02
  -6.7200000e+02
  -7.1200000e+02
  -5.0200000e+02
  -6.0800000e+02
  -5.7800000e+02
  -5.8000000e+02
  -7.2200000e+02
  -3.6000000e+02
  -5.5200000e+02
  -5.6000000e+02
  -5.2000000e+02
  -5.6000000e+02
  -3.7200000e+02
  -7.5200000e+02
  -3.6400000e+02
  -6.4400000e+02
  -5.5400000e+02
  -5.4200000e+02
  -5.4000000e+02
  -5.5200000e+02
  -5.7400000e+02
  -5.0800000e+02
  -6.0200000e+02
  -6.0000000e+02
  -5.9600000e+02
  -6.5800000e+02
  -6.4200000e+02
  -7.1200000e+02
  -5.3800000e+02
  -4.7800000e+02
  -5.8200000e+02
  -6.2200000e+02
  -3.7200000e+02
  -5.7600000e+02
  -5.8800000e+02
  -5.6600000e+02
  -5.5600000e+02
  -5.7800000e+02
  -6.6800000e+02
  -5.6200000e+02
  -6.0800000e+02
  -5.7800000e+02
  -4.2200000e+02
  -7.0400000e+02
  -5.2200000e+02
  -8.6800000e+02
  -5.4800000e+02
  -5.2200000e+02
  -6.9200000e+02
  -5.5600000e+02
  -5.5800000e+02
  -5.2000000e+02
  -5.6600000e+02
  -5.4000000e+02
  -5.7000000e+02
  -5.5200000e+02
  -5.3600000e+02
  -5.1600000e+02
  -1.0200000e+03
  -5.2600000e+02
  -5.8200000e+02
  -7.2800000e+02
  -7.3800000e+02
  -5.5000000e+02
  -8.2600000e+02
  -9.9000000e+02
  -8.0800000e+02
  -5.0800000e+02
  -5.1400000e+02
  -5.1800000e+02
  -5.2400000e+02
  -5.5400000e+02
  -5.6000000e+02
  -5.7800000e+02
  -5.7600000e+02
  -5.7200000e+02
  -5.2400000e+02
  -4.6800000e+02
  -5.9600000e+02
  -5.3400000e+02
  -4.8800000e+02
  -5.7800000e+02
  -6.3800000e+02
  -5.1800000e+02
  -5.7600000e+02
  -5.9800000e+02
  -4.4800000e+02
  -6.5800000e+02
  -6.6000000e+02
  -6.7000000e+02
  -5.7200000e+02
  -5.5600000e+02
  -5.1600000e+02
  -5.5200000e+02
  -7.3400000e+02
  -5.8000000e+02
  -7.1600000e+02
  -5.8000000e+02
  -4.9600000e+02
  -5.4800000e+02
  -3.7400000e+02
  -4.1000000e+02
  -5.5200000e+02
  -4.6200000e+02
  -5.7400000e+02
  -6.8000000e+02
  -5.3000000e+02
  -5.5200000e+02
  -7.8800000e+02
  -6.8800000e+02
  -8.2000000e+02
  -5.6400000e+02
  -5.6800000e+02
  -4.8800000e+02
  -5.0200000e+02
  -5.5000000e+02
  -6.0400000e+02
  -6.9400000e+02
  -5.9400000e+02
  -6.2600000e+02
  -4.9200000e+02
  -5.9400000e+02
  -5.8400000e+02
  -4.4600000e+02
  -8.8800000e+02
  -4.5800000e+02
  -5.1600000e+02
  -5.6000000e+02
  -5.3200000e+02
  -5.1600000e+02
  -4.9000000e+02
  -5.4800000e+02
  -9.0200000e+02
  -9.8600000e+02
  -6.1800000e+02
  -4.9800000e+02
  -9.0000000e+02
  -9.3200000e+02
  -4.2600000e+02
  -5.5800000e+02
  -5.5600000e+02
  -1.0520000e+03
  -6.1000000e+02
  -6.4800000e+02
  -5.3000000e+02
  -5.1800000e+02
  -7.8000000e+02
  -6.7200000e+02
  -1.0260000e+03
  -9.3000000e+02
  -7.6800000e+02
  -5.0200000e+02
  -4.8200000e+02
  -5.3000000e+02
  -5.4000000e+02
  -5.5600000e+02
  -5.1000000e+02
  -5.8200000e+02
  -5.1400000e+02
  -4.7600000e+02
  -4.3800000e+02
  -4.6800000e+02
  -4.0200000e+02
  -4.6400000e+02
  -5.7800000e+02
  -6.1400000e+02
  -4.3600000e+02
  -4.8600000e+02
  -6.6400000e+02
  -4.5400000e+02
  -3.9600000e+02
  -4.5000000e+02
  -4.6000000e+02
  -6.0400000e+02
  -6.2600000e+02
  -4.3800000e+02
  -4.6600000e+02
  -6.1800000e+02
  -5.6400000e+02
  -4.7600000e+02
  -5.0000000e+02
  -6.4400000e+02
  -4.1000000e+02
  -4.1600000e+02
  -4.6800000e+02
  -6.3600000e+02
  -6.5800000e+02
  -7.3000000e+02
  -5.5800000e+02
  -4.6000000e+02
  -5.3000000e+02
  -5.9000000e+02
  -5.2400000e+02
  -5.7000000e+02
  -6.1200000e+02
  -7.4000000e+02
  -6.5600000e+02
  -6.2800000e+02
  -6.0000000e+02
  -4.6200000e+02
  -5.4400000e+02
  -4.9000000e+02
  -6.4200000e+02
  -4.6600000e+02
  -6.0600000e+02
  -5.8600000e+02
  -7.3200000e+02
  -6.2400000e+02
  -5.9000000e+02
  -7.0000000e+02
  -5.9000000e+02
  -6.5000000e+02
  -6.2400000e+02
  -5.0600000e+02
  -4.7400000e+02
  -5.2400000e+02
  -6.5600000e+02
  -6.1800000e+02
  -5.8800000e+02
  -8.3000000e+02
  -6.4200000e+02
  -5.5800000e+02
  -6.3200000e+02
  -7.0800000e+02
  -8.2400000e+02
  -5.4000000e+02
  -6.1800000e+02
  -4.3200000e+02
  -1.1140000e+03
  -4.7200000e+02
  -5.3200000e+02
  -3.6600000e+02
  -5.2200000e+02
  -5.5400000e+02
  -5.3200000e+02
  -4.5000000e+02
  -7.1600000e+02
  -6.7800000e+02
  -5.3400000e+02
  -6.5600000e+02
  -6.8200000e+02
  -6.1000000e+02
  -6.1400000e+02
  -6.0800000e+02
  -5.1800000e+02
  -6.8600000e+02
  -9.0000000e+02
  -7.6600000e+02
  -5.4800000e+02
  -4.8800000e+02
  -6.3200000e+02
  -6.3400000e+02
  -1.2280000e+03
  -6.1800000e+02
  -5.4800000e+02
  -1.1780000e+03
  -6.5800000e+02
  -6.1000000e+02
  -5.4800000e+02
  -5.2800000e+02
  -3.8800000e+02
  -6.9000000e+02
  -6.5200000e+02
  -6.0400000e+02
  -8.5000000e+02
  -6.6000000e+02
  -5.5200000e+02
  -5.2600000e+02
  -5.0600000e+02
  -4.5600000e+02
  -7.0800000e+02
  -6.8000000e+02
  -6.2000000e+02
  -6.3000000e+02
  -7.6200000e+02
  -1.4000000e+03
  -5.7600000e+02
  -7.6600000e+02
  -5.2600000e+02
  -6.7000000e+02
  -5.8200000e+02
  -6.1600000e+02
  -5.5000000e+02
  -6.3200000e+02
  -9.2000000e+02
  -9.6600000e+02
  -9.4600000e+02
  -6.7000000e+02
  -7.4000000e+02
  -7.4200000e+02
  -5.3200000e+02
  -9.6400000e+02
  -1.0460000e+03
  -5.1400000e+02
  -9.1400000e+02
  -5.5600000e+02
  -5.8400000e+02
  -8.9400000e+02
  -7.8800000e+02
  -8.4000000e+02
  -6.9200000e+02
  -5.3600000e+02
  -6.7800000e+02
  -1.1100000e+03
  -5.1400000e+02
  -8.3400000e+02
  -3.0800000e+02
  -5.2000000e+02
  -8.4800000e+02
  -5.8400000e+02
  -5.9800000e+02
  -4.8400000e+02
  -8.4600000e+02
  -5.2000000e+02
  -6.0000000e+02
  -5.1000000e+02
  -3.9200000e+02
  -5.9400000e+02
  -4.8600000e+02
  -5.5800000e+02
  -6.3000000e+02
  -6.0000000e+02
  -4.0000000e+02
  -5.0400000e+02
  -4.0800000e+02
  -4.4000000e+02
  -6.2400000e+02
  -3.9400000e+02
  -5.9000000e+02
  -5.6200000e+02
  -4.3600000e+02
  -4.9800000e+02
  -1.1440000e+03
  -5.5600000e+02
  -4.3600000e+02
  -4.2000000e+02
  -3.6800000e+02
  -4.9000000e+02
  -6.4800000e+02
  -7.2000000e+02
  -4.6000000e+02
  -6.1400000e+02
  -4.3600000e+02
  -6.0400000e+02
  -5.4200000e+02
  -3.9200000e+02
  -6.0600000e+02
  -4.6400000e+02
  -4.7400000e+02
  -5.5400000e+02
  -4.0400000e+02
  -4.5000000e+02
  -5.2400000e+02
  -5.1800000e+02
  -5.3800000e+02
  -6.1400000e+02
  -5.8800000e+02
  -5.6600000e+02
  -5.1800000e+02
  -4.6200000e+02
  -4.3400000e+02
  -6.2200000e+02
  -5.4800000e+02
  -6.0800000e+02
  -5.4200000e+02
  -4.3600000e+02
  -6.6600000e+02
  -4.9000000e+02
  -4.9800000e+02
  -1.0900000e+03
  -4.6200000e+02
  -6.1400000e+02
  -6.1200000e+02
  -5.8000000e+02
  -5.0400000e+02
  -4.3600000e+02
  -5.0800000e+02
  -5.7000000e+02
  -5.1400000e+02
  -1.5620000e+03
  -5.5200000e+02
  -7.0800000e+02
  -4.9800000e+02
  -5.0200000e+02
  -4.2600000e+02
  -5.0000000e+02
  -5.1000000e+02
  -5.1000000e+02
  -5.3400000e+02
  -5.2200000e+02
  -5.1400000e+02
  -3.8800000e+02
  -5.7000000e+02
  -3.9800000e+02
  -5.3200000e+02
  -5.8200000e+02
  -5.2400000e+02
  -5.7600000e+02
  -5.3800000e+02
  -5.9200000e+02
  -5.0200000e+02
  -5.7400000e+02
  -5.7600000e+02
  -5.3000000e+02
  -6.0400000e+02
  -5.7400000e+02
  -5.4400000e+02
  -3.4800000e+02
  -6.4400000e+02
  -5.5800000e+02
  -1.0940000e+03
  -5.6600000e+02
  -5.9800000e+02
  -5.8600000e+02
  -5.5600000e+02
  -6.5800000e+02
  -6.8000000e+02
  -5.7200000e+02
  -7.1200000e+02
  -5.9600000e+02
  -6.8000000e+02
  -7.0000000e+02
  -5.4600000e+02
  -1.2480000e+03
  -6.4600000e+02
  -5.8200000e+02
  -5.7000000e+02
  -5.8000000e+02
  -6.7200000e+02
  -5.4400000e+02
  -5.9400000e+02
  -1.2520000e+03
  -7.0800000e+02
  -6.1400000e+02
  -6.0400000e+02
  -8.3000000e+02
  -4.7000000e+02
  -8.8000000e+02
  -5.4600000e+02
  -5.6200000e+02
  -3.7800000e+02
  -9.4000000e+02
  -5.5400000e+02
  -5.4400000e+02
  -6.4800000e+02
  -5.2000000e+02
  -8.4800000e+02
  -8.2600000e+02
  -5.4200000e+02
  -5.3800000e+02
  -8.3400000e+02
  -4.8400000e+02
  -7.1600000e+02
  -1.4380000e+03
  -6.1400000e+02
  -5.4600000e+02
  -5.7600000e+02
  -8.2400000e+02
  -1.0280000e+03
  -6.8200000e+02
  -3.8400000e+02
  -5.2800000e+02
  -5.3600000e+02
  -5.7600000e+02
  -6.1000000e+02
  -6.1800000e+02
  -5.9000000e+02
  -5.4800000e+02
  -6.4000000e+02
  -6.7400000e+02
  -6.9000000e+02
  -6.1400000e+02
  -6.9600000e+02
  -4.5600000e+02
  -6.2600000e+02
  -6.9000000e+02
  -5.2200000e+02
  -7.3400000e+02
  -7.4800000e+02
  -5.9200000e+02
  -7.6400000e+02
  -6.4600000e+02
  -7.2000000e+02
  -6.5000000e+02
  -6.0200000e+02
  -6.1200000e+02
  -6.6400000e+02
  -7.1400000e+02
  -6.7600000e+02
  -6.0600000e+02
  -7.2200000e+02
  -7.3200000e+02
  -6.4200000e+02
  -4.8800000e+02
  -4.4400000e+02
  -5.8400000e+02
  -8.4000000e+02
  -7.2800000e+02
  -6.8800000e+02
  -6.6000000e+02
  -5.9000000e+02
  -7.3400000e+02
  -6.9000000e+02
  -7.0200000e+02
  -6.5000000e+02
  -9.5200000e+02
  -6.7200000e+02
  -8.2400000e+02
  -7.6000000e+02
  -7.8400000e+02
  -8.1600000e+02
  -6.7800000e+02
  -4.1000000e+02
  -7.9000000e+02
  -8.9800000e+02
  -7.5400000e+02
  -6.7400000e+02
  -6.2000000e+02
  -7.9000000e+02
  -7.9000000e+02
  -8.5400000e+02
  -7.5600000e+02
  -7.0200000e+02
  -7.2000000e+02
  -6.4200000e+02
  -7.0200000e+02
  -1.1220000e+03
  -7.9800000e+02
  -1.9580000e+03
  -8.3200000e+02

